{
  "labels": [
    "mean_shannon_entropy",
    "mean_delentropy",
    "gpt4o_macro_recall",
    "gpt4_1_macro_recall",
    "openvla_macro_recall",
    "pi0_base_macro_recall",
    "pi0_fast_macro_recall"
  ],
  "values": [
    [1.0, 0.94, -0.41, -0.18, -0.17, 0.0032, 0.3],
    [0.94, 1.0, -0.35, -0.13, -0.063, -0.011, 0.34],
    [-0.41, -0.35, 1.0, 0.66, 0.65, 0.4, -0.6],
    [-0.18, -0.13, 0.66, 1.0, 0.76, 0.54, -0.58],
    [-0.17, -0.063, 0.65, 0.76, 1.0, 0.59, -0.34],
    [0.0032, -0.011, 0.4, 0.54, 0.59, 1.0, -0.25],
    [0.3, 0.34, -0.6, -0.58, -0.34, -0.25, 1.0]
  ]
} 